11010111
11001101
01100101
11011011
10010100
11000100
01111101
00100001
10000111
00110110
01101011
01110101
01001010
00001001
10010010
10001111
10001111
11011101
10010111
11010111
11001101
01100101
11011011
00111100
11100001
00110000
01111100
10011001
00100100
01111010
10110000
00111000
01100000
11101101
11100010
01111011
11001101
01001000
10110010
00010011
11000010
11011101
11010001
01100101
11111000
11000000
01011010
10111110
10010000
00011100
10100100
11111000
10111010
00101011
11010011
00111111
01101001
10101111
10100010
11011100
11001000
10110000
10010001
01010000
00111000
11011011
01110101
01001100
00000100
01011001
00001010
01110111
00000010
00011110
01101100
10111111
01001000
10010010
01001100
01101111
01111001
10111110
10010010
00111011
10110101
10010100
11000100
01111101
00100001